9
516
2
4
522
7
3
10
16
16
32
100
0
0
0
518
2
4
529
7
3
16
16
16
32
200
0
0
0
520
2
4
536
7
3
16
16
16
32
500
0
0
0
512
2
4
543
7
3
15
15
24
32
1000
0
0
0
514
2
4
550
7
3
15
15
24
32
2000
0
0
0
616
2
4
557
7
3
10
16
24
32
5000
0
0
0
618
2
4
564
7
3
11
16
24
32
0
0
0
100
62
2
4
578
7
3
16
12
16
32
0
5
0
0
609
4
2
613
3
4
16
16
16
8
0
0
1
0

sframe
frames
delay
psframe
pframes
pdelay
xsize
ysize
pxsize
pysize
points
ammo
lifedrop
gemkey
