13
563,2,4,569,7,3,10,16,16,32,100,0,0,0
565,2,4,577,7,3,16,16,16,32,200,0,0,0
567,2,4,584,7,3,16,16,16,32,500,0,0,0
559,2,4,595,7,3,16,15,15,32,1000,0,0,0
561,2,4,602,7,3,16,15,15,32,2000,0,0,0
685,2,4,613,7,3,10,16,10,32,5000,0,0,0
687,2,4,620,7,3,12,16,11,16,0,0,100,0
703,2,4,638,7,3,16,12,16,32,0,5,0,0
675,4,2,679,3,4,16,16,16,16,0,0,1,0
1301,2,4,1319,7,3,16,12,18,32,0,0,0,1
1303,2,4,1319,7,3,16,12,18,32,0,0,0,2
1305,2,4,1319,7,3,15,12,18,32,0,0,0,3
1307,2,4,1319,7,3,16,12,18,32,0,0,0,4
sframe
frames
delay
psframe
pframes
pdelay
xsize
ysize
pxsize
pysize
points
ammo
lifedrop
gemkey (1=red,2=blue,3=green,4=yellow)
